0.32589285714285715
0.6741071428571429
0.32589285714285715
0.6741071428571429
0.35267857142857145
0.6741071428571429
0.32589285714285715
0.6741071428571429
0.3392857142857143
0.6741071428571429
0.3794642857142857
0.6785714285714286
0.38392857142857145
0.6741071428571429
0.3794642857142857
0.6875
0.45982142857142855
0.7455357142857143
0.42857142857142855
0.7767857142857143
0.05803571428571429
0.7991071428571429
0.5982142857142857
0.7901785714285714
0.6919642857142857
0.8035714285714286
0.5848214285714286
0.7991071428571429
0.7678571428571429
0.7857142857142857
0.7410714285714286
0.8080357142857143
0.7321428571428571
0.6919642857142857
0.8125
0.75
0.8080357142857143
0.78125
0.6830357142857143
0.8169642857142857
0.5625
0.78125
0.39285714285714285
0.6875
0.41517857142857145
0.8214285714285714
0.7455357142857143
0.8303571428571429
0.6339285714285714
0.7857142857142857
0.7366071428571429
0.7857142857142857
0.8035714285714286
0.7946428571428571
0.7633928571428571
0.7410714285714286
0.8169642857142857
0.8080357142857143
0.7723214285714286
0.8169642857142857
0.8258928571428571
0.6071428571428571
0.8214285714285714
0.5982142857142857
0.8258928571428571
0.8080357142857143
0.7723214285714286
0.7633928571428571
0.7589285714285714
0.7678571428571429
