0.32589285714285715
0.6741071428571429
0.7455357142857143
0.32589285714285715
0.6741071428571429
0.4642857142857143
0.6741071428571429
0.32589285714285715
0.6741071428571429
0.34375
0.6741071428571429
0.39285714285714285
0.6741071428571429
0.46875
0.7410714285714286
0.45535714285714285
0.7410714285714286
0.375
0.7767857142857143
0.625
0.7589285714285714
0.7455357142857143
0.7901785714285714
0.7053571428571429
0.7901785714285714
0.5580357142857143
0.6919642857142857
0.41964285714285715
0.71875
0.4419642857142857
0.7366071428571429
0.6741071428571429
0.7901785714285714
0.5178571428571429
0.7901785714285714
0.7678571428571429
0.8080357142857143
0.8080357142857143
0.8035714285714286
0.8080357142857143
0.8214285714285714
0.7991071428571429
0.7544642857142857
0.7946428571428571
0.8080357142857143
0.7633928571428571
0.6696428571428571
0.8258928571428571
0.6607142857142857
0.8080357142857143
0.7991071428571429
0.7455357142857143
0.7991071428571429
0.8080357142857143
0.7455357142857143
0.8169642857142857
0.7455357142857143
0.8169642857142857
0.7589285714285714
0.7455357142857143
0.8125
0.7321428571428571
0.7767857142857143
0.8080357142857143
0.7678571428571429
0.8169642857142857
0.6741071428571429
0.7678571428571429
0.41517857142857145
0.7366071428571429
0.6428571428571429
0.7455357142857143
0.8169642857142857
0.59375
0.8214285714285714
0.71875
0.8125
0.6294642857142857
0.8214285714285714
0.6205357142857143
0.8035714285714286
0.75
0.7767857142857143
0.8258928571428571
0.6964285714285714
0.7544642857142857
0.8214285714285714
0.7142857142857143
0.8125
0.8214285714285714
0.7991071428571429
0.7366071428571429
0.8258928571428571
0.7991071428571429
0.7723214285714286
0.7946428571428571
0.8214285714285714
0.7857142857142857
0.7901785714285714
0.8348214285714286
0.625
0.78125
0.78125
0.8258928571428571
0.6875
0.78125
0.78125
0.7767857142857143
0.7901785714285714
0.8080357142857143
0.7633928571428571
0.6875
0.7901785714285714
0.8125
0.78125
0.7767857142857143
0.7767857142857143
0.7767857142857143
0.7232142857142857
0.7678571428571429
0.78125
0.7589285714285714
0.8035714285714286
0.7857142857142857
0.7767857142857143
0.8169642857142857
0.7767857142857143
0.7633928571428571
0.7723214285714286
0.7544642857142857
0.8303571428571429
0.7276785714285714
0.7857142857142857
0.7901785714285714
0.8125
0.7633928571428571
0.78125
0.7767857142857143
0.78125
0.78125
0.7142857142857143
0.8035714285714286
0.7901785714285714
0.7946428571428571
0.7946428571428571
0.7991071428571429
0.7946428571428571
0.7946428571428571
0.7901785714285714
0.78125
